endpoint,metric,feature_set,mean_diff,p_pfg_better,p_rope,p_txp_better,n_pairs
AR_agonist,roc_auc,PFG_EGR,-0.1275,0.0012,0.0023,0.9965,15
AR_agonist,roc_auc,PFG_EGR+branch+mol,-0.0185,0.2121,0.193,0.5949,15
AR_agonist,roc_auc,PFG_EGR+mol,-0.0187,0.2106,0.1917,0.5977,15
AR_agonist,roc_auc,PFG_EGR+ring+mol,-0.0181,0.2099,0.1976,0.5926,15
AR_agonist,roc_auc,PFG_EGR+spacer+mol,-0.0187,0.2106,0.1917,0.5977,15
AR_agonist,roc_auc,PFG_EGR+spacer+ring+mol,-0.0181,0.2099,0.1976,0.5926,15
AR_agonist,roc_auc,PFG_EGR_4X,-0.1287,0.0028,0.0043,0.9929,15
AR_agonist,roc_auc,PFG_EGR_4X+mol,-0.0135,0.2038,0.2466,0.5496,15
AR_agonist,roc_auc,PFG_binary,-0.0636,0.0569,0.0629,0.8802,15
AR_agonist,roc_auc,PFG_binary+mol,-0.0272,0.1701,0.1576,0.6723,15
AR_agonist,roc_auc,PFG_min_dist_to_barycenter,-0.261,0.0,0.0,1.0,15
AR_agonist,roc_auc,PFG_min_dist_to_barycenter+mol,-0.0162,0.2099,0.2135,0.5765,15
AR_agonist,roc_auc,PFG_total_component,-0.0199,0.311,0.1239,0.5651,15
AR_agonist,roc_auc,PFG_total_component+mol,-0.0233,0.1907,0.1709,0.6384,15
AR_agonist,avg_prec,PFG_EGR,-0.3167,0.0003,0.0002,0.9996,15
AR_agonist,avg_prec,PFG_EGR+branch+mol,-0.1621,0.0195,0.0124,0.968,15
AR_agonist,avg_prec,PFG_EGR+mol,-0.1645,0.0194,0.0121,0.9685,15
AR_agonist,avg_prec,PFG_EGR+ring+mol,-0.1618,0.0182,0.0119,0.9699,15
AR_agonist,avg_prec,PFG_EGR+spacer+mol,-0.1645,0.0194,0.0121,0.9685,15
AR_agonist,avg_prec,PFG_EGR+spacer+ring+mol,-0.1618,0.0182,0.0119,0.9699,15
AR_agonist,avg_prec,PFG_EGR_4X,-0.3095,0.0009,0.0006,0.9985,15
AR_agonist,avg_prec,PFG_EGR_4X+mol,-0.1548,0.0144,0.0108,0.9748,15
AR_agonist,avg_prec,PFG_binary,-0.2358,0.0029,0.002,0.9952,15
AR_agonist,avg_prec,PFG_binary+mol,-0.1727,0.0104,0.0076,0.982,15
AR_agonist,avg_prec,PFG_min_dist_to_barycenter,-0.3623,0.0001,0.0001,0.9998,15
AR_agonist,avg_prec,PFG_min_dist_to_barycenter+mol,-0.1638,0.0269,0.0149,0.9583,15
AR_agonist,avg_prec,PFG_total_component,-0.2074,0.0109,0.0063,0.9828,15
AR_agonist,avg_prec,PFG_total_component+mol,-0.1685,0.0227,0.013,0.9643,15
AR_agonist,mcc,PFG_EGR,-0.3026,0.0007,0.0005,0.9988,15
AR_agonist,mcc,PFG_EGR+branch+mol,-0.1891,0.0275,0.0128,0.9597,15
AR_agonist,mcc,PFG_EGR+mol,-0.1891,0.0275,0.0128,0.9597,15
AR_agonist,mcc,PFG_EGR+ring+mol,-0.1899,0.0247,0.012,0.9633,15
AR_agonist,mcc,PFG_EGR+spacer+mol,-0.1891,0.0275,0.0128,0.9597,15
AR_agonist,mcc,PFG_EGR+spacer+ring+mol,-0.1899,0.0247,0.012,0.9633,15
AR_agonist,mcc,PFG_EGR_4X,-0.3049,0.0012,0.0007,0.9981,15
AR_agonist,mcc,PFG_EGR_4X+mol,-0.1921,0.0227,0.0112,0.9661,15
AR_agonist,mcc,PFG_binary,-0.164,0.0265,0.0147,0.9587,15
AR_agonist,mcc,PFG_binary+mol,-0.1928,0.027,0.0124,0.9606,15
AR_agonist,mcc,PFG_min_dist_to_barycenter,-0.4648,0.0,0.0,1.0,15
AR_agonist,mcc,PFG_min_dist_to_barycenter+mol,-0.1916,0.0182,0.0098,0.9721,15
AR_agonist,mcc,PFG_total_component,-0.1845,0.0271,0.0131,0.9599,15
AR_agonist,mcc,PFG_total_component+mol,-0.1872,0.0285,0.0132,0.9583,15
AR_agonist,bal_acc,PFG_EGR,-0.101,0.0076,0.0123,0.9801,15
AR_agonist,bal_acc,PFG_EGR+branch+mol,-0.0339,0.146,0.1345,0.7196,15
AR_agonist,bal_acc,PFG_EGR+mol,-0.0339,0.146,0.1345,0.7196,15
AR_agonist,bal_acc,PFG_EGR+ring+mol,-0.0352,0.1286,0.1319,0.7395,15
AR_agonist,bal_acc,PFG_EGR+spacer+mol,-0.0339,0.146,0.1345,0.7196,15
AR_agonist,bal_acc,PFG_EGR+spacer+ring+mol,-0.0352,0.1286,0.1319,0.7395,15
AR_agonist,bal_acc,PFG_EGR_4X,-0.1022,0.0095,0.014,0.9766,15
AR_agonist,bal_acc,PFG_EGR_4X+mol,-0.0388,0.089,0.1193,0.7917,15
AR_agonist,bal_acc,PFG_binary,-0.0304,0.1069,0.1539,0.7393,15
AR_agonist,bal_acc,PFG_binary+mol,-0.0369,0.1405,0.1246,0.7349,15
AR_agonist,bal_acc,PFG_min_dist_to_barycenter,-0.2307,0.0,0.0,1.0,15
AR_agonist,bal_acc,PFG_min_dist_to_barycenter+mol,-0.0332,0.1336,0.1387,0.7276,15
AR_agonist,bal_acc,PFG_total_component,-0.0249,0.2372,0.1419,0.621,15
AR_agonist,bal_acc,PFG_total_component+mol,-0.0327,0.1651,0.1349,0.7,15
AR_antagonist,roc_auc,PFG_EGR,-0.0644,0.0006,0.0043,0.9951,15
AR_antagonist,roc_auc,PFG_EGR+branch+mol,0.0653,0.9657,0.0254,0.0089,15
AR_antagonist,roc_auc,PFG_EGR+mol,0.0657,0.9657,0.0254,0.009,15
AR_antagonist,roc_auc,PFG_EGR+ring+mol,0.0657,0.966,0.0252,0.0089,15
AR_antagonist,roc_auc,PFG_EGR+spacer+mol,0.0657,0.9657,0.0254,0.009,15
AR_antagonist,roc_auc,PFG_EGR+spacer+ring+mol,0.0657,0.966,0.0252,0.0089,15
AR_antagonist,roc_auc,PFG_EGR_4X,-0.1245,0.0008,0.0017,0.9975,15
AR_antagonist,roc_auc,PFG_EGR_4X+mol,0.0663,0.9684,0.0235,0.0081,15
AR_antagonist,roc_auc,PFG_binary,-0.0404,0.0295,0.0882,0.8822,15
AR_antagonist,roc_auc,PFG_binary+mol,0.0677,0.9684,0.0233,0.0083,15
AR_antagonist,roc_auc,PFG_min_dist_to_barycenter,-0.1328,0.0001,0.0004,0.9995,15
AR_antagonist,roc_auc,PFG_min_dist_to_barycenter+mol,0.0685,0.9718,0.021,0.0072,15
AR_antagonist,roc_auc,PFG_total_component,-0.0098,0.1851,0.3182,0.4967,15
AR_antagonist,roc_auc,PFG_total_component+mol,0.0634,0.9666,0.0253,0.0081,15
AR_antagonist,avg_prec,PFG_EGR,-0.081,0.0004,0.0022,0.9974,15
AR_antagonist,avg_prec,PFG_EGR+branch+mol,0.0836,0.9658,0.0217,0.0125,15
AR_antagonist,avg_prec,PFG_EGR+mol,0.0845,0.967,0.021,0.0121,15
AR_antagonist,avg_prec,PFG_EGR+ring+mol,0.0844,0.9664,0.0213,0.0123,15
AR_antagonist,avg_prec,PFG_EGR+spacer+mol,0.0845,0.967,0.021,0.0121,15
AR_antagonist,avg_prec,PFG_EGR+spacer+ring+mol,0.0844,0.9664,0.0213,0.0123,15
AR_antagonist,avg_prec,PFG_EGR_4X,-0.1122,0.0003,0.001,0.9987,15
AR_antagonist,avg_prec,PFG_EGR_4X+mol,0.0976,0.9937,0.0046,0.0017,15
AR_antagonist,avg_prec,PFG_binary,-0.0246,0.0488,0.1843,0.7668,15
AR_antagonist,avg_prec,PFG_binary+mol,0.0877,0.9796,0.0138,0.0067,15
AR_antagonist,avg_prec,PFG_min_dist_to_barycenter,-0.1208,0.0003,0.0008,0.9989,15
AR_antagonist,avg_prec,PFG_min_dist_to_barycenter+mol,0.0877,0.9833,0.0116,0.0051,15
AR_antagonist,avg_prec,PFG_total_component,0.0145,0.5739,0.268,0.1582,15
AR_antagonist,avg_prec,PFG_total_component+mol,0.0809,0.9785,0.0151,0.0064,15
AR_antagonist,mcc,PFG_EGR,-0.1183,0.0061,0.0086,0.9853,15
AR_antagonist,mcc,PFG_EGR+branch+mol,0.048,0.7426,0.0949,0.1625,15
AR_antagonist,mcc,PFG_EGR+mol,0.051,0.7598,0.0907,0.1494,15
AR_antagonist,mcc,PFG_EGR+ring+mol,0.053,0.7664,0.0875,0.1461,15
AR_antagonist,mcc,PFG_EGR+spacer+mol,0.051,0.7598,0.0907,0.1494,15
AR_antagonist,mcc,PFG_EGR+spacer+ring+mol,0.053,0.7664,0.0875,0.1461,15
AR_antagonist,mcc,PFG_EGR_4X,-0.213,0.0002,0.0002,0.9996,15
AR_antagonist,mcc,PFG_EGR_4X+mol,0.0774,0.893,0.0502,0.0568,15
AR_antagonist,mcc,PFG_binary,-0.091,0.0303,0.0317,0.938,15
AR_antagonist,mcc,PFG_binary+mol,0.0566,0.8029,0.0823,0.1148,15
AR_antagonist,mcc,PFG_min_dist_to_barycenter,-0.2312,0.0001,0.0001,0.9998,15
AR_antagonist,mcc,PFG_min_dist_to_barycenter+mol,0.0622,0.7985,0.0751,0.1264,15
AR_antagonist,mcc,PFG_total_component,-0.0626,0.0813,0.0705,0.8481,15
AR_antagonist,mcc,PFG_total_component+mol,0.0497,0.7214,0.0881,0.1904,15
AR_antagonist,bal_acc,PFG_EGR,-0.0593,0.0066,0.0249,0.9685,15
AR_antagonist,bal_acc,PFG_EGR+branch+mol,0.0272,0.7217,0.1712,0.1071,15
AR_antagonist,bal_acc,PFG_EGR+mol,0.0288,0.7398,0.1627,0.0975,15
AR_antagonist,bal_acc,PFG_EGR+ring+mol,0.0298,0.749,0.1569,0.0941,15
AR_antagonist,bal_acc,PFG_EGR+spacer+mol,0.0288,0.7398,0.1627,0.0975,15
AR_antagonist,bal_acc,PFG_EGR+spacer+ring+mol,0.0298,0.749,0.1569,0.0941,15
AR_antagonist,bal_acc,PFG_EGR_4X,-0.114,0.0,0.0002,0.9998,15
AR_antagonist,bal_acc,PFG_EGR_4X+mol,0.0419,0.8572,0.0966,0.0462,15
AR_antagonist,bal_acc,PFG_binary,-0.0497,0.0093,0.0399,0.9508,15
AR_antagonist,bal_acc,PFG_binary+mol,0.0314,0.7752,0.1473,0.0775,15
AR_antagonist,bal_acc,PFG_min_dist_to_barycenter,-0.1205,0.0001,0.0002,0.9997,15
AR_antagonist,bal_acc,PFG_min_dist_to_barycenter+mol,0.0349,0.7852,0.1325,0.0823,15
AR_antagonist,bal_acc,PFG_total_component,-0.033,0.0416,0.1259,0.8325,15
AR_antagonist,bal_acc,PFG_total_component+mol,0.0279,0.7016,0.1627,0.1357,15
AhR_agonist,roc_auc,PFG_EGR,-0.04,0.2209,0.1002,0.679,15
AhR_agonist,roc_auc,PFG_EGR+branch+mol,0.0085,0.4923,0.1003,0.4075,15
AhR_agonist,roc_auc,PFG_EGR+mol,0.0095,0.4974,0.0991,0.4035,15
AhR_agonist,roc_auc,PFG_EGR+ring+mol,0.0069,0.4841,0.1024,0.4134,15
AhR_agonist,roc_auc,PFG_EGR+spacer+mol,0.0095,0.4974,0.0991,0.4035,15
AhR_agonist,roc_auc,PFG_EGR+spacer+ring+mol,0.0069,0.4841,0.1024,0.4134,15
AhR_agonist,roc_auc,PFG_EGR_4X,-0.0232,0.3095,0.1117,0.5788,15
AhR_agonist,roc_auc,PFG_EGR_4X+mol,-0.0165,0.3122,0.1397,0.5482,15
AhR_agonist,roc_auc,PFG_binary,0.019,0.5812,0.1622,0.2566,15
AhR_agonist,roc_auc,PFG_binary+mol,0.0155,0.5284,0.1017,0.3698,15
AhR_agonist,roc_auc,PFG_min_dist_to_barycenter,-0.1164,0.0029,0.0051,0.9921,15
AhR_agonist,roc_auc,PFG_min_dist_to_barycenter+mol,0.0062,0.4808,0.1006,0.4186,15
AhR_agonist,roc_auc,PFG_total_component,0.0248,0.5911,0.1142,0.2947,15
AhR_agonist,roc_auc,PFG_total_component+mol,0.0163,0.533,0.1013,0.3656,15
AhR_agonist,avg_prec,PFG_EGR,0.0014,0.3613,0.318,0.3207,15
AhR_agonist,avg_prec,PFG_EGR+branch+mol,0.0452,0.7756,0.1035,0.1209,15
AhR_agonist,avg_prec,PFG_EGR+mol,0.0469,0.7779,0.0997,0.1223,15
AhR_agonist,avg_prec,PFG_EGR+ring+mol,0.0511,0.7955,0.0912,0.1133,15
AhR_agonist,avg_prec,PFG_EGR+spacer+mol,0.0469,0.7779,0.0997,0.1223,15
AhR_agonist,avg_prec,PFG_EGR+spacer+ring+mol,0.0511,0.7955,0.0912,0.1133,15
AhR_agonist,avg_prec,PFG_EGR_4X,0.0002,0.2817,0.4459,0.2723,15
AhR_agonist,avg_prec,PFG_EGR_4X+mol,0.0094,0.482,0.4489,0.0691,15
AhR_agonist,avg_prec,PFG_binary,0.0166,0.6971,0.2772,0.0256,15
AhR_agonist,avg_prec,PFG_binary+mol,0.0416,0.7969,0.1113,0.0917,15
AhR_agonist,avg_prec,PFG_min_dist_to_barycenter,-0.0241,0.0007,0.0612,0.938,15
AhR_agonist,avg_prec,PFG_min_dist_to_barycenter+mol,0.048,0.8046,0.0964,0.099,15
AhR_agonist,avg_prec,PFG_total_component,0.0443,0.8401,0.0975,0.0624,15
AhR_agonist,avg_prec,PFG_total_component+mol,0.0369,0.7697,0.1266,0.1037,15
AhR_agonist,mcc,PFG_EGR,-0.0089,0.3327,0.1777,0.4897,15
AhR_agonist,mcc,PFG_EGR+branch+mol,0.046,0.7053,0.0923,0.2024,15
AhR_agonist,mcc,PFG_EGR+mol,0.046,0.7053,0.0923,0.2024,15
AhR_agonist,mcc,PFG_EGR+ring+mol,0.0393,0.6518,0.0915,0.2567,15
AhR_agonist,mcc,PFG_EGR+spacer+mol,0.046,0.7053,0.0923,0.2024,15
AhR_agonist,mcc,PFG_EGR+spacer+ring+mol,0.0393,0.6518,0.0915,0.2567,15
AhR_agonist,mcc,PFG_EGR_4X,0.0068,0.4681,0.1949,0.337,15
AhR_agonist,mcc,PFG_EGR_4X+mol,-0.0111,0.3544,0.1376,0.5081,15
AhR_agonist,mcc,PFG_binary,0.0084,0.4838,0.2001,0.3161,15
AhR_agonist,mcc,PFG_binary+mol,0.0384,0.6691,0.1013,0.2296,15
AhR_agonist,mcc,PFG_min_dist_to_barycenter,-0.09,0.0113,0.0186,0.9701,15
AhR_agonist,mcc,PFG_min_dist_to_barycenter+mol,0.0416,0.6775,0.095,0.2275,15
AhR_agonist,mcc,PFG_total_component,0.0321,0.6538,0.1192,0.227,15
AhR_agonist,mcc,PFG_total_component+mol,0.0338,0.6297,0.098,0.2723,15
AhR_agonist,bal_acc,PFG_EGR,-0.0109,0.3195,0.1722,0.5083,15
AhR_agonist,bal_acc,PFG_EGR+branch+mol,0.0283,0.6092,0.109,0.2818,15
AhR_agonist,bal_acc,PFG_EGR+mol,0.0283,0.6092,0.109,0.2818,15
AhR_agonist,bal_acc,PFG_EGR+ring+mol,0.0235,0.5736,0.1029,0.3235,15
AhR_agonist,bal_acc,PFG_EGR+spacer+mol,0.0283,0.6092,0.109,0.2818,15
AhR_agonist,bal_acc,PFG_EGR+spacer+ring+mol,0.0235,0.5736,0.1029,0.3235,15
AhR_agonist,bal_acc,PFG_EGR_4X,0.0074,0.4749,0.189,0.3361,15
AhR_agonist,bal_acc,PFG_EGR_4X+mol,-0.02,0.2899,0.1368,0.5734,15
AhR_agonist,bal_acc,PFG_binary,0.0092,0.4918,0.1959,0.3123,15
AhR_agonist,bal_acc,PFG_binary+mol,0.0209,0.5678,0.1172,0.315,15
AhR_agonist,bal_acc,PFG_min_dist_to_barycenter,-0.0926,0.0103,0.0168,0.9729,15
AhR_agonist,bal_acc,PFG_min_dist_to_barycenter+mol,0.0253,0.5881,0.1077,0.3042,15
AhR_agonist,bal_acc,PFG_total_component,0.0309,0.6434,0.1193,0.2372,15
AhR_agonist,bal_acc,PFG_total_component+mol,0.0186,0.5479,0.1076,0.3444,15
Aromatase_antagonist,roc_auc,PFG_EGR,-0.0416,0.0488,0.0989,0.8522,15
Aromatase_antagonist,roc_auc,PFG_EGR+branch+mol,0.0757,0.9773,0.0165,0.0062,15
Aromatase_antagonist,roc_auc,PFG_EGR+mol,0.0757,0.9773,0.0165,0.0062,15
Aromatase_antagonist,roc_auc,PFG_EGR+ring+mol,0.0768,0.9784,0.0156,0.0059,15
Aromatase_antagonist,roc_auc,PFG_EGR+spacer+mol,0.0757,0.9773,0.0165,0.0062,15
Aromatase_antagonist,roc_auc,PFG_EGR+spacer+ring+mol,0.0768,0.9784,0.0156,0.0059,15
Aromatase_antagonist,roc_auc,PFG_EGR_4X,-0.1041,0.0046,0.0084,0.987,15
Aromatase_antagonist,roc_auc,PFG_EGR_4X+mol,0.0638,0.9379,0.0413,0.0208,15
Aromatase_antagonist,roc_auc,PFG_binary,-0.0466,0.0032,0.0254,0.9714,15
Aromatase_antagonist,roc_auc,PFG_binary+mol,0.0677,0.9345,0.0412,0.0243,15
Aromatase_antagonist,roc_auc,PFG_min_dist_to_barycenter,-0.1078,0.0012,0.003,0.9957,15
Aromatase_antagonist,roc_auc,PFG_min_dist_to_barycenter+mol,0.0787,0.9848,0.0114,0.0039,15
Aromatase_antagonist,roc_auc,PFG_total_component,0.0208,0.6778,0.2217,0.1005,15
Aromatase_antagonist,roc_auc,PFG_total_component+mol,0.074,0.9349,0.0384,0.0266,15
Aromatase_antagonist,avg_prec,PFG_EGR,-0.0379,0.0257,0.0917,0.8826,15
Aromatase_antagonist,avg_prec,PFG_EGR+branch+mol,0.0844,0.9915,0.0065,0.002,15
Aromatase_antagonist,avg_prec,PFG_EGR+mol,0.0844,0.9915,0.0065,0.002,15
Aromatase_antagonist,avg_prec,PFG_EGR+ring+mol,0.0851,0.9915,0.0065,0.002,15
Aromatase_antagonist,avg_prec,PFG_EGR+spacer+mol,0.0844,0.9915,0.0065,0.002,15
Aromatase_antagonist,avg_prec,PFG_EGR+spacer+ring+mol,0.0851,0.9915,0.0065,0.002,15
Aromatase_antagonist,avg_prec,PFG_EGR_4X,-0.0607,0.0038,0.0175,0.9787,15
Aromatase_antagonist,avg_prec,PFG_EGR_4X+mol,0.0675,0.9404,0.0386,0.021,15
Aromatase_antagonist,avg_prec,PFG_binary,-0.0183,0.0344,0.2524,0.7132,15
Aromatase_antagonist,avg_prec,PFG_binary+mol,0.0828,0.97,0.0197,0.0103,15
Aromatase_antagonist,avg_prec,PFG_min_dist_to_barycenter,-0.065,0.0031,0.0135,0.9835,15
Aromatase_antagonist,avg_prec,PFG_min_dist_to_barycenter+mol,0.0893,0.9925,0.0056,0.0019,15
Aromatase_antagonist,avg_prec,PFG_total_component,0.0458,0.9159,0.0642,0.0199,15
Aromatase_antagonist,avg_prec,PFG_total_component+mol,0.0949,0.9851,0.01,0.0049,15
Aromatase_antagonist,mcc,PFG_EGR,-0.0603,0.0825,0.0736,0.844,15
Aromatase_antagonist,mcc,PFG_EGR+branch+mol,0.0938,0.9604,0.0225,0.0172,15
Aromatase_antagonist,mcc,PFG_EGR+mol,0.0938,0.9604,0.0225,0.0172,15
Aromatase_antagonist,mcc,PFG_EGR+ring+mol,0.0938,0.9568,0.024,0.0193,15
Aromatase_antagonist,mcc,PFG_EGR+spacer+mol,0.0938,0.9604,0.0225,0.0172,15
Aromatase_antagonist,mcc,PFG_EGR+spacer+ring+mol,0.0938,0.9568,0.024,0.0193,15
Aromatase_antagonist,mcc,PFG_EGR_4X,-0.1124,0.0447,0.0298,0.9255,15
Aromatase_antagonist,mcc,PFG_EGR_4X+mol,0.0721,0.8757,0.0574,0.0669,15
Aromatase_antagonist,mcc,PFG_binary,-0.0173,0.2164,0.1996,0.5841,15
Aromatase_antagonist,mcc,PFG_binary+mol,0.0775,0.8964,0.0493,0.0543,15
Aromatase_antagonist,mcc,PFG_min_dist_to_barycenter,-0.142,0.0066,0.0071,0.9863,15
Aromatase_antagonist,mcc,PFG_min_dist_to_barycenter+mol,0.0868,0.9685,0.0198,0.0117,15
Aromatase_antagonist,mcc,PFG_total_component,0.0427,0.7735,0.1094,0.117,15
Aromatase_antagonist,mcc,PFG_total_component+mol,0.0758,0.8539,0.0584,0.0877,15
Aromatase_antagonist,bal_acc,PFG_EGR,-0.0401,0.0526,0.1053,0.8421,15
Aromatase_antagonist,bal_acc,PFG_EGR+branch+mol,0.0575,0.9515,0.0364,0.0121,15
Aromatase_antagonist,bal_acc,PFG_EGR+mol,0.0575,0.9515,0.0364,0.0121,15
Aromatase_antagonist,bal_acc,PFG_EGR+ring+mol,0.0575,0.9471,0.0391,0.0138,15
Aromatase_antagonist,bal_acc,PFG_EGR+spacer+mol,0.0575,0.9515,0.0364,0.0121,15
Aromatase_antagonist,bal_acc,PFG_EGR+spacer+ring+mol,0.0575,0.9471,0.0391,0.0138,15
Aromatase_antagonist,bal_acc,PFG_EGR_4X,-0.0699,0.0246,0.0397,0.9357,15
Aromatase_antagonist,bal_acc,PFG_EGR_4X+mol,0.0454,0.8707,0.0859,0.0433,15
Aromatase_antagonist,bal_acc,PFG_binary,-0.015,0.0899,0.3002,0.6099,15
Aromatase_antagonist,bal_acc,PFG_binary+mol,0.0463,0.8761,0.0827,0.0412,15
Aromatase_antagonist,bal_acc,PFG_min_dist_to_barycenter,-0.0828,0.0042,0.0111,0.9848,15
Aromatase_antagonist,bal_acc,PFG_min_dist_to_barycenter+mol,0.0533,0.9605,0.032,0.0075,15
Aromatase_antagonist,bal_acc,PFG_total_component,0.03,0.787,0.1514,0.0616,15
Aromatase_antagonist,bal_acc,PFG_total_component+mol,0.0467,0.8415,0.0929,0.0656,15
CYP2C19_antagonist,roc_auc,PFG_EGR,-0.1681,0.0013,0.0016,0.9972,15
CYP2C19_antagonist,roc_auc,PFG_EGR+branch+mol,0.0482,0.872,0.0817,0.0463,15
CYP2C19_antagonist,roc_auc,PFG_EGR+mol,0.0483,0.8726,0.0813,0.0461,15
CYP2C19_antagonist,roc_auc,PFG_EGR+ring+mol,0.0492,0.8768,0.0786,0.0446,15
CYP2C19_antagonist,roc_auc,PFG_EGR+spacer+mol,0.0483,0.8726,0.0813,0.0461,15
CYP2C19_antagonist,roc_auc,PFG_EGR+spacer+ring+mol,0.0492,0.8768,0.0786,0.0446,15
CYP2C19_antagonist,roc_auc,PFG_EGR_4X,-0.1119,0.0037,0.0065,0.9897,15
CYP2C19_antagonist,roc_auc,PFG_EGR_4X+mol,0.0577,0.8801,0.0682,0.0516,15
CYP2C19_antagonist,roc_auc,PFG_binary,-0.0097,0.2028,0.3017,0.4955,15
CYP2C19_antagonist,roc_auc,PFG_binary+mol,0.0517,0.8813,0.0741,0.0446,15
CYP2C19_antagonist,roc_auc,PFG_min_dist_to_barycenter,-0.1546,0.0001,0.0001,0.9998,15
CYP2C19_antagonist,roc_auc,PFG_min_dist_to_barycenter+mol,0.0504,0.8816,0.0755,0.0429,15
CYP2C19_antagonist,roc_auc,PFG_total_component,-0.0209,0.0938,0.2224,0.6838,15
CYP2C19_antagonist,roc_auc,PFG_total_component+mol,0.0494,0.9027,0.0677,0.0296,15
CYP2C19_antagonist,avg_prec,PFG_EGR,-0.1395,0.0,0.0001,0.9998,15
CYP2C19_antagonist,avg_prec,PFG_EGR+branch+mol,0.0518,0.8963,0.0682,0.0354,15
CYP2C19_antagonist,avg_prec,PFG_EGR+mol,0.0518,0.8982,0.0674,0.0344,15
CYP2C19_antagonist,avg_prec,PFG_EGR+ring+mol,0.0542,0.9056,0.0621,0.0323,15
CYP2C19_antagonist,avg_prec,PFG_EGR+spacer+mol,0.0518,0.8982,0.0674,0.0344,15
CYP2C19_antagonist,avg_prec,PFG_EGR+spacer+ring+mol,0.0542,0.9056,0.0621,0.0323,15
CYP2C19_antagonist,avg_prec,PFG_EGR_4X,-0.1079,0.001,0.0025,0.9965,15
CYP2C19_antagonist,avg_prec,PFG_EGR_4X+mol,0.0768,0.9312,0.0388,0.03,15
CYP2C19_antagonist,avg_prec,PFG_binary,-0.0099,0.1796,0.3227,0.4978,15
CYP2C19_antagonist,avg_prec,PFG_binary+mol,0.0532,0.8958,0.0671,0.0371,15
CYP2C19_antagonist,avg_prec,PFG_min_dist_to_barycenter,-0.1389,0.0,0.0,1.0,15
CYP2C19_antagonist,avg_prec,PFG_min_dist_to_barycenter+mol,0.0488,0.8743,0.0801,0.0456,15
CYP2C19_antagonist,avg_prec,PFG_total_component,-0.0129,0.1552,0.2923,0.5525,15
CYP2C19_antagonist,avg_prec,PFG_total_component+mol,0.0513,0.9001,0.067,0.0328,15
CYP2C19_antagonist,mcc,PFG_EGR,-0.2873,0.0015,0.0009,0.9976,15
CYP2C19_antagonist,mcc,PFG_EGR+branch+mol,0.0244,0.5811,0.1056,0.3133,15
CYP2C19_antagonist,mcc,PFG_EGR+mol,0.0277,0.5963,0.1014,0.3023,15
CYP2C19_antagonist,mcc,PFG_EGR+ring+mol,0.0274,0.594,0.1005,0.3056,15
CYP2C19_antagonist,mcc,PFG_EGR+spacer+mol,0.0277,0.5963,0.1014,0.3023,15
CYP2C19_antagonist,mcc,PFG_EGR+spacer+ring+mol,0.0274,0.594,0.1005,0.3056,15
CYP2C19_antagonist,mcc,PFG_EGR_4X,-0.1902,0.0027,0.0025,0.9948,15
CYP2C19_antagonist,mcc,PFG_EGR_4X+mol,0.066,0.7927,0.0708,0.1365,15
CYP2C19_antagonist,mcc,PFG_binary,-0.043,0.1897,0.1007,0.7096,15
CYP2C19_antagonist,mcc,PFG_binary+mol,0.0341,0.6453,0.1057,0.2489,15
CYP2C19_antagonist,mcc,PFG_min_dist_to_barycenter,-0.2679,0.0,0.0,0.9999,15
CYP2C19_antagonist,mcc,PFG_min_dist_to_barycenter+mol,0.0375,0.6464,0.0943,0.2593,15
CYP2C19_antagonist,mcc,PFG_total_component,-0.06,0.0684,0.0708,0.8608,15
CYP2C19_antagonist,mcc,PFG_total_component+mol,0.0319,0.6655,0.1256,0.2089,15
CYP2C19_antagonist,bal_acc,PFG_EGR,-0.1381,0.0009,0.0017,0.9974,15
CYP2C19_antagonist,bal_acc,PFG_EGR+branch+mol,0.0239,0.6576,0.1773,0.1651,15
CYP2C19_antagonist,bal_acc,PFG_EGR+mol,0.0256,0.67,0.1691,0.1609,15
CYP2C19_antagonist,bal_acc,PFG_EGR+ring+mol,0.0253,0.6662,0.1694,0.1643,15
CYP2C19_antagonist,bal_acc,PFG_EGR+spacer+mol,0.0256,0.67,0.1691,0.1609,15
CYP2C19_antagonist,bal_acc,PFG_EGR+spacer+ring+mol,0.0253,0.6662,0.1694,0.1643,15
CYP2C19_antagonist,bal_acc,PFG_EGR_4X,-0.0878,0.0025,0.007,0.9905,15
CYP2C19_antagonist,bal_acc,PFG_EGR_4X+mol,0.0445,0.8483,0.0949,0.0568,15
CYP2C19_antagonist,bal_acc,PFG_binary,-0.02,0.1376,0.2177,0.6447,15
CYP2C19_antagonist,bal_acc,PFG_binary+mol,0.0288,0.7256,0.1618,0.1126,15
CYP2C19_antagonist,bal_acc,PFG_min_dist_to_barycenter,-0.1284,0.0,0.0001,0.9999,15
CYP2C19_antagonist,bal_acc,PFG_min_dist_to_barycenter+mol,0.0308,0.7179,0.1493,0.1328,15
CYP2C19_antagonist,bal_acc,PFG_total_component,-0.0238,0.0713,0.1969,0.7318,15
CYP2C19_antagonist,bal_acc,PFG_total_component+mol,0.0272,0.754,0.1716,0.0744,15
CYP2C9_antagonist,roc_auc,PFG_EGR,-0.1465,0.0002,0.0003,0.9995,15
CYP2C9_antagonist,roc_auc,PFG_EGR+branch+mol,0.0959,0.9905,0.0067,0.0028,15
CYP2C9_antagonist,roc_auc,PFG_EGR+mol,0.0959,0.9905,0.0067,0.0028,15
CYP2C9_antagonist,roc_auc,PFG_EGR+ring+mol,0.0969,0.9903,0.0068,0.0029,15
CYP2C9_antagonist,roc_auc,PFG_EGR+spacer+mol,0.0959,0.9905,0.0067,0.0028,15
CYP2C9_antagonist,roc_auc,PFG_EGR+spacer+ring+mol,0.0969,0.9903,0.0068,0.0029,15
CYP2C9_antagonist,roc_auc,PFG_EGR_4X,-0.1241,0.0012,0.0023,0.9965,15
CYP2C9_antagonist,roc_auc,PFG_EGR_4X+mol,0.1099,0.9977,0.0017,0.0006,15
CYP2C9_antagonist,roc_auc,PFG_binary,0.0011,0.3698,0.2911,0.3392,15
CYP2C9_antagonist,roc_auc,PFG_binary+mol,0.101,0.9912,0.0061,0.0027,15
CYP2C9_antagonist,roc_auc,PFG_min_dist_to_barycenter,-0.1454,0.0,0.0,1.0,15
CYP2C9_antagonist,roc_auc,PFG_min_dist_to_barycenter+mol,0.0934,0.9922,0.0057,0.0021,15
CYP2C9_antagonist,roc_auc,PFG_total_component,0.0267,0.706,0.1728,0.1213,15
CYP2C9_antagonist,roc_auc,PFG_total_component+mol,0.1059,0.9946,0.0038,0.0016,15
CYP2C9_antagonist,avg_prec,PFG_EGR,-0.0958,0.0015,0.0042,0.9944,15
CYP2C9_antagonist,avg_prec,PFG_EGR+branch+mol,0.1109,0.9849,0.0091,0.0059,15
CYP2C9_antagonist,avg_prec,PFG_EGR+mol,0.1109,0.9849,0.0091,0.0059,15
CYP2C9_antagonist,avg_prec,PFG_EGR+ring+mol,0.1114,0.9853,0.0089,0.0058,15
CYP2C9_antagonist,avg_prec,PFG_EGR+spacer+mol,0.1109,0.9849,0.0091,0.0059,15
CYP2C9_antagonist,avg_prec,PFG_EGR+spacer+ring+mol,0.1114,0.9853,0.0089,0.0058,15
CYP2C9_antagonist,avg_prec,PFG_EGR_4X,-0.0831,0.0033,0.0093,0.9874,15
CYP2C9_antagonist,avg_prec,PFG_EGR_4X+mol,0.1087,0.9939,0.0042,0.0019,15
CYP2C9_antagonist,avg_prec,PFG_binary,0.0039,0.4132,0.2782,0.3085,15
CYP2C9_antagonist,avg_prec,PFG_binary+mol,0.116,0.9855,0.0086,0.0059,15
CYP2C9_antagonist,avg_prec,PFG_min_dist_to_barycenter,-0.1064,0.0,0.0001,0.9999,15
CYP2C9_antagonist,avg_prec,PFG_min_dist_to_barycenter+mol,0.1069,0.9844,0.0096,0.0059,15
CYP2C9_antagonist,avg_prec,PFG_total_component,0.0465,0.8724,0.0838,0.0438,15
CYP2C9_antagonist,avg_prec,PFG_total_component+mol,0.1196,0.9918,0.0051,0.0031,15
CYP2C9_antagonist,mcc,PFG_EGR,-0.2089,0.0006,0.0006,0.9988,15
CYP2C9_antagonist,mcc,PFG_EGR+branch+mol,0.1397,0.977,0.0109,0.0121,15
CYP2C9_antagonist,mcc,PFG_EGR+mol,0.1397,0.977,0.0109,0.0121,15
CYP2C9_antagonist,mcc,PFG_EGR+ring+mol,0.1343,0.9662,0.0151,0.0187,15
CYP2C9_antagonist,mcc,PFG_EGR+spacer+mol,0.1397,0.977,0.0109,0.0121,15
CYP2C9_antagonist,mcc,PFG_EGR+spacer+ring+mol,0.1343,0.9662,0.0151,0.0187,15
CYP2C9_antagonist,mcc,PFG_EGR_4X,-0.1814,0.0044,0.0039,0.9917,15
CYP2C9_antagonist,mcc,PFG_EGR_4X+mol,0.1994,0.9953,0.0022,0.0025,15
CYP2C9_antagonist,mcc,PFG_binary,0.0367,0.6668,0.1062,0.227,15
CYP2C9_antagonist,mcc,PFG_binary+mol,0.1526,0.9787,0.0096,0.0117,15
CYP2C9_antagonist,mcc,PFG_min_dist_to_barycenter,-0.2063,0.0001,0.0001,0.9999,15
CYP2C9_antagonist,mcc,PFG_min_dist_to_barycenter+mol,0.1282,0.9834,0.009,0.0077,15
CYP2C9_antagonist,mcc,PFG_total_component,0.0704,0.8423,0.064,0.0937,15
CYP2C9_antagonist,mcc,PFG_total_component+mol,0.1531,0.981,0.0087,0.0103,15
CYP2C9_antagonist,bal_acc,PFG_EGR,-0.1005,0.0,0.0002,0.9998,15
CYP2C9_antagonist,bal_acc,PFG_EGR+branch+mol,0.076,0.9687,0.0215,0.0098,15
CYP2C9_antagonist,bal_acc,PFG_EGR+mol,0.076,0.9687,0.0215,0.0098,15
CYP2C9_antagonist,bal_acc,PFG_EGR+ring+mol,0.0734,0.9571,0.0284,0.0145,15
CYP2C9_antagonist,bal_acc,PFG_EGR+spacer+mol,0.076,0.9687,0.0215,0.0098,15
CYP2C9_antagonist,bal_acc,PFG_EGR+spacer+ring+mol,0.0734,0.9571,0.0284,0.0145,15
CYP2C9_antagonist,bal_acc,PFG_EGR_4X,-0.0858,0.0016,0.0053,0.9932,15
CYP2C9_antagonist,bal_acc,PFG_EGR_4X+mol,0.1058,0.994,0.0042,0.0018,15
CYP2C9_antagonist,bal_acc,PFG_binary,0.0229,0.6416,0.1778,0.1806,15
CYP2C9_antagonist,bal_acc,PFG_binary+mol,0.0824,0.9716,0.0189,0.0095,15
CYP2C9_antagonist,bal_acc,PFG_min_dist_to_barycenter,-0.0963,0.0002,0.0008,0.999,15
CYP2C9_antagonist,bal_acc,PFG_min_dist_to_barycenter+mol,0.0705,0.9728,0.02,0.0072,15
CYP2C9_antagonist,bal_acc,PFG_total_component,0.0407,0.8198,0.1099,0.0703,15
CYP2C9_antagonist,bal_acc,PFG_total_component+mol,0.0827,0.977,0.0158,0.0072,15
CYP2D6_antagonist,roc_auc,PFG_EGR,0.0516,0.854,0.0823,0.0636,15
CYP2D6_antagonist,roc_auc,PFG_EGR+branch+mol,0.1905,1.0,0.0,0.0,15
CYP2D6_antagonist,roc_auc,PFG_EGR+mol,0.1905,1.0,0.0,0.0,15
CYP2D6_antagonist,roc_auc,PFG_EGR+ring+mol,0.1902,1.0,0.0,0.0,15
CYP2D6_antagonist,roc_auc,PFG_EGR+spacer+mol,0.1905,1.0,0.0,0.0,15
CYP2D6_antagonist,roc_auc,PFG_EGR+spacer+ring+mol,0.1902,1.0,0.0,0.0,15
CYP2D6_antagonist,roc_auc,PFG_EGR_4X,0.0372,0.7679,0.1258,0.1063,15
CYP2D6_antagonist,roc_auc,PFG_EGR_4X+mol,0.2018,1.0,0.0,0.0,15
CYP2D6_antagonist,roc_auc,PFG_binary,0.0277,0.7091,0.166,0.1249,15
CYP2D6_antagonist,roc_auc,PFG_binary+mol,0.1906,1.0,0.0,0.0,15
CYP2D6_antagonist,roc_auc,PFG_min_dist_to_barycenter,-0.0237,0.1205,0.1925,0.687,15
CYP2D6_antagonist,roc_auc,PFG_min_dist_to_barycenter+mol,0.1942,1.0,0.0,0.0,15
CYP2D6_antagonist,roc_auc,PFG_total_component,0.022,0.7181,0.2133,0.0686,15
CYP2D6_antagonist,roc_auc,PFG_total_component+mol,0.1883,1.0,0.0,0.0,15
CYP2D6_antagonist,avg_prec,PFG_EGR,0.0123,0.5357,0.2643,0.2001,15
CYP2D6_antagonist,avg_prec,PFG_EGR+branch+mol,0.1739,1.0,0.0,0.0,15
CYP2D6_antagonist,avg_prec,PFG_EGR+mol,0.1743,1.0,0.0,0.0,15
CYP2D6_antagonist,avg_prec,PFG_EGR+ring+mol,0.1742,1.0,0.0,0.0,15
CYP2D6_antagonist,avg_prec,PFG_EGR+spacer+mol,0.1743,1.0,0.0,0.0,15
CYP2D6_antagonist,avg_prec,PFG_EGR+spacer+ring+mol,0.1742,1.0,0.0,0.0,15
CYP2D6_antagonist,avg_prec,PFG_EGR_4X,0.0039,0.4062,0.2979,0.2959,15
CYP2D6_antagonist,avg_prec,PFG_EGR_4X+mol,0.1756,0.9999,0.0,0.0,15
CYP2D6_antagonist,avg_prec,PFG_binary,0.0096,0.4919,0.3273,0.1807,15
CYP2D6_antagonist,avg_prec,PFG_binary+mol,0.173,1.0,0.0,0.0,15
CYP2D6_antagonist,avg_prec,PFG_min_dist_to_barycenter,-0.0324,0.021,0.1076,0.8715,15
CYP2D6_antagonist,avg_prec,PFG_min_dist_to_barycenter+mol,0.176,1.0,0.0,0.0,15
CYP2D6_antagonist,avg_prec,PFG_total_component,0.0197,0.802,0.189,0.009,15
CYP2D6_antagonist,avg_prec,PFG_total_component+mol,0.1734,1.0,0.0,0.0,15
CYP2D6_antagonist,mcc,PFG_EGR,0.1494,0.993,0.0039,0.0032,15
CYP2D6_antagonist,mcc,PFG_EGR+branch+mol,0.2566,0.9986,0.0006,0.0008,15
CYP2D6_antagonist,mcc,PFG_EGR+mol,0.2566,0.9986,0.0006,0.0008,15
CYP2D6_antagonist,mcc,PFG_EGR+ring+mol,0.2552,0.9989,0.0005,0.0006,15
CYP2D6_antagonist,mcc,PFG_EGR+spacer+mol,0.2566,0.9986,0.0006,0.0008,15
CYP2D6_antagonist,mcc,PFG_EGR+spacer+ring+mol,0.2552,0.9989,0.0005,0.0006,15
CYP2D6_antagonist,mcc,PFG_EGR_4X,0.124,0.9693,0.015,0.0157,15
CYP2D6_antagonist,mcc,PFG_EGR_4X+mol,0.3194,0.9999,0.0,0.0,15
CYP2D6_antagonist,mcc,PFG_binary,0.0459,0.7816,0.102,0.1164,15
CYP2D6_antagonist,mcc,PFG_binary+mol,0.2616,0.9991,0.0004,0.0005,15
CYP2D6_antagonist,mcc,PFG_min_dist_to_barycenter,-0.0189,0.2546,0.1641,0.5812,15
CYP2D6_antagonist,mcc,PFG_min_dist_to_barycenter+mol,0.2596,0.9986,0.0006,0.0008,15
CYP2D6_antagonist,mcc,PFG_total_component,0.0362,0.7077,0.1222,0.1701,15
CYP2D6_antagonist,mcc,PFG_total_component+mol,0.2549,0.9983,0.0008,0.001,15
CYP2D6_antagonist,bal_acc,PFG_EGR,0.0514,0.9724,0.0237,0.0039,15
CYP2D6_antagonist,bal_acc,PFG_EGR+branch+mol,0.1276,0.9988,0.0008,0.0003,15
CYP2D6_antagonist,bal_acc,PFG_EGR+mol,0.1276,0.9988,0.0008,0.0003,15
CYP2D6_antagonist,bal_acc,PFG_EGR+ring+mol,0.1269,0.999,0.0007,0.0003,15
CYP2D6_antagonist,bal_acc,PFG_EGR+spacer+mol,0.1276,0.9988,0.0008,0.0003,15
CYP2D6_antagonist,bal_acc,PFG_EGR+spacer+ring+mol,0.1269,0.999,0.0007,0.0003,15
CYP2D6_antagonist,bal_acc,PFG_EGR_4X,0.0441,0.9176,0.0646,0.0177,15
CYP2D6_antagonist,bal_acc,PFG_EGR_4X+mol,0.1583,0.9999,0.0,0.0,15
CYP2D6_antagonist,bal_acc,PFG_binary,0.0223,0.7144,0.2109,0.0746,15
CYP2D6_antagonist,bal_acc,PFG_binary+mol,0.1305,0.9992,0.0006,0.0002,15
CYP2D6_antagonist,bal_acc,PFG_min_dist_to_barycenter,-0.0078,0.1832,0.3621,0.4547,15
CYP2D6_antagonist,bal_acc,PFG_min_dist_to_barycenter+mol,0.1291,0.9987,0.0009,0.0004,15
CYP2D6_antagonist,bal_acc,PFG_total_component,0.0183,0.6402,0.2445,0.1154,15
CYP2D6_antagonist,bal_acc,PFG_total_component+mol,0.1267,0.9985,0.0011,0.0005,15
CYP3A4_antagonist,roc_auc,PFG_EGR,-0.1035,0.0007,0.0022,0.9971,15
CYP3A4_antagonist,roc_auc,PFG_EGR+branch+mol,0.1099,0.9952,0.0033,0.0014,15
CYP3A4_antagonist,roc_auc,PFG_EGR+mol,0.1099,0.9952,0.0033,0.0014,15
CYP3A4_antagonist,roc_auc,PFG_EGR+ring+mol,0.1093,0.9954,0.0032,0.0014,15
CYP3A4_antagonist,roc_auc,PFG_EGR+spacer+mol,0.1099,0.9952,0.0033,0.0014,15
CYP3A4_antagonist,roc_auc,PFG_EGR+spacer+ring+mol,0.1093,0.9954,0.0032,0.0014,15
CYP3A4_antagonist,roc_auc,PFG_EGR_4X,-0.1398,0.0,0.0001,0.9999,15
CYP3A4_antagonist,roc_auc,PFG_EGR_4X+mol,0.1102,0.9902,0.0063,0.0035,15
CYP3A4_antagonist,roc_auc,PFG_binary,-0.0472,0.0156,0.0552,0.9292,15
CYP3A4_antagonist,roc_auc,PFG_binary+mol,0.1057,0.9953,0.0034,0.0014,15
CYP3A4_antagonist,roc_auc,PFG_min_dist_to_barycenter,-0.1458,0.0,0.0001,0.9999,15
CYP3A4_antagonist,roc_auc,PFG_min_dist_to_barycenter+mol,0.1103,0.9938,0.0042,0.002,15
CYP3A4_antagonist,roc_auc,PFG_total_component,-0.0396,0.0221,0.0821,0.8958,15
CYP3A4_antagonist,roc_auc,PFG_total_component+mol,0.1126,0.9988,0.0009,0.0003,15
CYP3A4_antagonist,avg_prec,PFG_EGR,-0.0918,0.0039,0.0091,0.987,15
CYP3A4_antagonist,avg_prec,PFG_EGR+branch+mol,0.1218,0.9931,0.0044,0.0026,15
CYP3A4_antagonist,avg_prec,PFG_EGR+mol,0.1218,0.9931,0.0044,0.0026,15
CYP3A4_antagonist,avg_prec,PFG_EGR+ring+mol,0.1217,0.9931,0.0044,0.0026,15
CYP3A4_antagonist,avg_prec,PFG_EGR+spacer+mol,0.1218,0.9931,0.0044,0.0026,15
CYP3A4_antagonist,avg_prec,PFG_EGR+spacer+ring+mol,0.1217,0.9931,0.0044,0.0026,15
CYP3A4_antagonist,avg_prec,PFG_EGR_4X,-0.1114,0.0003,0.0008,0.9989,15
CYP3A4_antagonist,avg_prec,PFG_EGR_4X+mol,0.1382,0.9952,0.0029,0.0019,15
CYP3A4_antagonist,avg_prec,PFG_binary,-0.04,0.0372,0.0961,0.8666,15
CYP3A4_antagonist,avg_prec,PFG_binary+mol,0.1172,0.9915,0.0054,0.0031,15
CYP3A4_antagonist,avg_prec,PFG_min_dist_to_barycenter,-0.1219,0.0003,0.0008,0.9989,15
CYP3A4_antagonist,avg_prec,PFG_min_dist_to_barycenter+mol,0.1234,0.9907,0.0056,0.0037,15
CYP3A4_antagonist,avg_prec,PFG_total_component,-0.0015,0.3291,0.2996,0.3713,15
CYP3A4_antagonist,avg_prec,PFG_total_component+mol,0.1377,0.9979,0.0014,0.0007,15
CYP3A4_antagonist,mcc,PFG_EGR,-0.12,0.0512,0.0295,0.9193,15
CYP3A4_antagonist,mcc,PFG_EGR+branch+mol,0.1521,0.9636,0.0144,0.022,15
CYP3A4_antagonist,mcc,PFG_EGR+mol,0.1521,0.9636,0.0144,0.022,15
CYP3A4_antagonist,mcc,PFG_EGR+ring+mol,0.1516,0.9666,0.0136,0.0199,15
CYP3A4_antagonist,mcc,PFG_EGR+spacer+mol,0.1521,0.9636,0.0144,0.022,15
CYP3A4_antagonist,mcc,PFG_EGR+spacer+ring+mol,0.1516,0.9666,0.0136,0.0199,15
CYP3A4_antagonist,mcc,PFG_EGR_4X,-0.1898,0.0005,0.0006,0.9989,15
CYP3A4_antagonist,mcc,PFG_EGR_4X+mol,0.1595,0.9715,0.0116,0.0169,15
CYP3A4_antagonist,mcc,PFG_binary,-0.0437,0.2194,0.093,0.6876,15
CYP3A4_antagonist,mcc,PFG_binary+mol,0.1461,0.978,0.0102,0.0119,15
CYP3A4_antagonist,mcc,PFG_min_dist_to_barycenter,-0.2014,0.0004,0.0005,0.9991,15
CYP3A4_antagonist,mcc,PFG_min_dist_to_barycenter+mol,0.1503,0.9696,0.0128,0.0177,15
CYP3A4_antagonist,mcc,PFG_total_component,-0.0672,0.0665,0.0619,0.8716,15
CYP3A4_antagonist,mcc,PFG_total_component+mol,0.1419,0.9699,0.0132,0.0168,15
CYP3A4_antagonist,bal_acc,PFG_EGR,-0.064,0.0138,0.0334,0.9528,15
CYP3A4_antagonist,bal_acc,PFG_EGR+branch+mol,0.085,0.9738,0.0173,0.0089,15
CYP3A4_antagonist,bal_acc,PFG_EGR+mol,0.085,0.9738,0.0173,0.0089,15
CYP3A4_antagonist,bal_acc,PFG_EGR+ring+mol,0.0847,0.9761,0.016,0.0078,15
CYP3A4_antagonist,bal_acc,PFG_EGR+spacer+mol,0.085,0.9738,0.0173,0.0089,15
CYP3A4_antagonist,bal_acc,PFG_EGR+spacer+ring+mol,0.0847,0.9761,0.016,0.0078,15
CYP3A4_antagonist,bal_acc,PFG_EGR_4X,-0.091,0.0002,0.0009,0.999,15
CYP3A4_antagonist,bal_acc,PFG_EGR_4X+mol,0.0892,0.9803,0.0132,0.0065,15
CYP3A4_antagonist,bal_acc,PFG_binary,-0.0186,0.1702,0.2149,0.6149,15
CYP3A4_antagonist,bal_acc,PFG_binary+mol,0.0818,0.9861,0.0103,0.0036,15
CYP3A4_antagonist,bal_acc,PFG_min_dist_to_barycenter,-0.0938,0.0003,0.0011,0.9986,15
CYP3A4_antagonist,bal_acc,PFG_min_dist_to_barycenter+mol,0.0841,0.9777,0.0152,0.0071,15
CYP3A4_antagonist,bal_acc,PFG_total_component,-0.0279,0.0431,0.1556,0.8013,15
CYP3A4_antagonist,bal_acc,PFG_total_component+mol,0.0795,0.9801,0.0143,0.0056,15
Caspase3_HEPG2,roc_auc,PFG_EGR,0.0729,0.9031,0.0501,0.0468,15
Caspase3_HEPG2,roc_auc,PFG_EGR+branch+mol,0.267,1.0,0.0,0.0,15
Caspase3_HEPG2,roc_auc,PFG_EGR+mol,0.267,1.0,0.0,0.0,15
Caspase3_HEPG2,roc_auc,PFG_EGR+ring+mol,0.2666,1.0,0.0,0.0,15
Caspase3_HEPG2,roc_auc,PFG_EGR+spacer+mol,0.267,1.0,0.0,0.0,15
Caspase3_HEPG2,roc_auc,PFG_EGR+spacer+ring+mol,0.2666,1.0,0.0,0.0,15
Caspase3_HEPG2,roc_auc,PFG_EGR_4X,0.0222,0.5883,0.1323,0.2794,15
Caspase3_HEPG2,roc_auc,PFG_EGR_4X+mol,0.25,0.9997,0.0001,0.0001,15
Caspase3_HEPG2,roc_auc,PFG_binary,-0.006,0.3268,0.2186,0.4545,15
Caspase3_HEPG2,roc_auc,PFG_binary+mol,0.2608,1.0,0.0,0.0,15
Caspase3_HEPG2,roc_auc,PFG_min_dist_to_barycenter,-0.052,0.019,0.0525,0.9285,15
Caspase3_HEPG2,roc_auc,PFG_min_dist_to_barycenter+mol,0.2533,0.9999,0.0,0.0,15
Caspase3_HEPG2,roc_auc,PFG_total_component,0.0663,0.8719,0.0626,0.0655,15
Caspase3_HEPG2,roc_auc,PFG_total_component+mol,0.2642,1.0,0.0,0.0,15
Caspase3_HEPG2,avg_prec,PFG_EGR,0.0163,0.6538,0.2884,0.0578,15
Caspase3_HEPG2,avg_prec,PFG_EGR+branch+mol,0.2433,0.9978,0.001,0.0012,15
Caspase3_HEPG2,avg_prec,PFG_EGR+mol,0.2433,0.9978,0.001,0.0012,15
Caspase3_HEPG2,avg_prec,PFG_EGR+ring+mol,0.2454,0.9981,0.0008,0.0011,15
Caspase3_HEPG2,avg_prec,PFG_EGR+spacer+mol,0.2433,0.9978,0.001,0.0012,15
Caspase3_HEPG2,avg_prec,PFG_EGR+spacer+ring+mol,0.2454,0.9981,0.0008,0.0011,15
Caspase3_HEPG2,avg_prec,PFG_EGR_4X,0.0169,0.6437,0.2742,0.0821,15
Caspase3_HEPG2,avg_prec,PFG_EGR_4X+mol,0.2189,0.9998,0.0001,0.0001,15
Caspase3_HEPG2,avg_prec,PFG_binary,-0.0001,0.1943,0.6077,0.198,15
Caspase3_HEPG2,avg_prec,PFG_binary+mol,0.2351,0.9991,0.0005,0.0005,15
Caspase3_HEPG2,avg_prec,PFG_min_dist_to_barycenter,-0.0176,0.0062,0.2146,0.7792,15
Caspase3_HEPG2,avg_prec,PFG_min_dist_to_barycenter+mol,0.2169,0.9975,0.0012,0.0013,15
Caspase3_HEPG2,avg_prec,PFG_total_component,0.0392,0.8351,0.1094,0.0555,15
Caspase3_HEPG2,avg_prec,PFG_total_component+mol,0.2465,0.9992,0.0004,0.0004,15
Caspase3_HEPG2,mcc,PFG_EGR,0.0311,0.6468,0.12,0.2332,15
Caspase3_HEPG2,mcc,PFG_EGR+branch+mol,0.2851,0.9947,0.0018,0.0035,15
Caspase3_HEPG2,mcc,PFG_EGR+mol,0.2851,0.9947,0.0018,0.0035,15
Caspase3_HEPG2,mcc,PFG_EGR+ring+mol,0.2885,0.9955,0.0016,0.0029,15
Caspase3_HEPG2,mcc,PFG_EGR+spacer+mol,0.2851,0.9947,0.0018,0.0035,15
Caspase3_HEPG2,mcc,PFG_EGR+spacer+ring+mol,0.2885,0.9955,0.0016,0.0029,15
Caspase3_HEPG2,mcc,PFG_EGR_4X,0.009,0.4919,0.1609,0.3472,15
Caspase3_HEPG2,mcc,PFG_EGR_4X+mol,0.3262,0.9998,0.0001,0.0001,15
Caspase3_HEPG2,mcc,PFG_binary,-0.0119,0.2511,0.2249,0.5239,15
Caspase3_HEPG2,mcc,PFG_binary+mol,0.2758,0.997,0.0012,0.0019,15
Caspase3_HEPG2,mcc,PFG_min_dist_to_barycenter,-0.0662,0.0287,0.0459,0.9254,15
Caspase3_HEPG2,mcc,PFG_min_dist_to_barycenter+mol,0.2779,0.9993,0.0003,0.0004,15
Caspase3_HEPG2,mcc,PFG_total_component,0.018,0.5959,0.2032,0.2009,15
Caspase3_HEPG2,mcc,PFG_total_component+mol,0.2817,0.9986,0.0006,0.0008,15
Caspase3_HEPG2,bal_acc,PFG_EGR,0.0184,0.5801,0.1714,0.2485,15
Caspase3_HEPG2,bal_acc,PFG_EGR+branch+mol,0.2051,0.9941,0.0026,0.0033,15
Caspase3_HEPG2,bal_acc,PFG_EGR+mol,0.2051,0.9941,0.0026,0.0033,15
Caspase3_HEPG2,bal_acc,PFG_EGR+ring+mol,0.2058,0.9945,0.0025,0.003,15
Caspase3_HEPG2,bal_acc,PFG_EGR+spacer+mol,0.2051,0.9941,0.0026,0.0033,15
Caspase3_HEPG2,bal_acc,PFG_EGR+spacer+ring+mol,0.2058,0.9945,0.0025,0.003,15
Caspase3_HEPG2,bal_acc,PFG_EGR_4X,0.0068,0.4673,0.1987,0.3341,15
Caspase3_HEPG2,bal_acc,PFG_EGR_4X+mol,0.2111,0.9993,0.0004,0.0003,15
Caspase3_HEPG2,bal_acc,PFG_binary,-0.0082,0.2464,0.2806,0.473,15
Caspase3_HEPG2,bal_acc,PFG_binary+mol,0.1975,0.9957,0.0021,0.0023,15
Caspase3_HEPG2,bal_acc,PFG_min_dist_to_barycenter,-0.0512,0.0276,0.0628,0.9096,15
Caspase3_HEPG2,bal_acc,PFG_min_dist_to_barycenter+mol,0.1997,0.9987,0.0007,0.0006,15
Caspase3_HEPG2,bal_acc,PFG_total_component,0.017,0.6002,0.2329,0.1669,15
Caspase3_HEPG2,bal_acc,PFG_total_component+mol,0.2003,0.9983,0.0009,0.0008,15
DT40_genotoxicity,roc_auc,PFG_EGR,-0.0212,0.1973,0.181,0.6217,15
DT40_genotoxicity,roc_auc,PFG_EGR+branch+mol,0.1279,0.9996,0.0003,0.0001,15
DT40_genotoxicity,roc_auc,PFG_EGR+mol,0.1279,0.9997,0.0003,0.0001,15
DT40_genotoxicity,roc_auc,PFG_EGR+ring+mol,0.1309,0.9998,0.0002,0.0001,15
DT40_genotoxicity,roc_auc,PFG_EGR+spacer+mol,0.1279,0.9997,0.0003,0.0001,15
DT40_genotoxicity,roc_auc,PFG_EGR+spacer+ring+mol,0.1309,0.9998,0.0002,0.0001,15
DT40_genotoxicity,roc_auc,PFG_EGR_4X,-0.0328,0.1284,0.1412,0.7305,15
DT40_genotoxicity,roc_auc,PFG_EGR_4X+mol,0.1361,0.9989,0.0008,0.0003,15
DT40_genotoxicity,roc_auc,PFG_binary,-0.0086,0.2296,0.2923,0.4781,15
DT40_genotoxicity,roc_auc,PFG_binary+mol,0.1298,0.9996,0.0003,0.0001,15
DT40_genotoxicity,roc_auc,PFG_min_dist_to_barycenter,-0.0981,0.0044,0.0089,0.9867,15
DT40_genotoxicity,roc_auc,PFG_min_dist_to_barycenter+mol,0.1336,0.9998,0.0001,0.0,15
DT40_genotoxicity,roc_auc,PFG_total_component,0.0016,0.3933,0.2517,0.355,15
DT40_genotoxicity,roc_auc,PFG_total_component+mol,0.1312,0.9997,0.0002,0.0001,15
DT40_genotoxicity,avg_prec,PFG_EGR,-0.0224,0.1092,0.2057,0.6851,15
DT40_genotoxicity,avg_prec,PFG_EGR+branch+mol,0.1502,0.9999,0.0,0.0,15
DT40_genotoxicity,avg_prec,PFG_EGR+mol,0.1506,1.0,0.0,0.0,15
DT40_genotoxicity,avg_prec,PFG_EGR+ring+mol,0.1538,1.0,0.0,0.0,15
DT40_genotoxicity,avg_prec,PFG_EGR+spacer+mol,0.1506,1.0,0.0,0.0,15
DT40_genotoxicity,avg_prec,PFG_EGR+spacer+ring+mol,0.1538,1.0,0.0,0.0,15
DT40_genotoxicity,avg_prec,PFG_EGR_4X,-0.0294,0.0839,0.1589,0.7572,15
DT40_genotoxicity,avg_prec,PFG_EGR_4X+mol,0.1553,0.9998,0.0002,0.0001,15
DT40_genotoxicity,avg_prec,PFG_binary,-0.0031,0.2639,0.3672,0.3689,15
DT40_genotoxicity,avg_prec,PFG_binary+mol,0.1551,1.0,0.0,0.0,15
DT40_genotoxicity,avg_prec,PFG_min_dist_to_barycenter,-0.0709,0.0039,0.0136,0.9824,15
DT40_genotoxicity,avg_prec,PFG_min_dist_to_barycenter+mol,0.1575,1.0,0.0,0.0,15
DT40_genotoxicity,avg_prec,PFG_total_component,0.0161,0.5917,0.2447,0.1635,15
DT40_genotoxicity,avg_prec,PFG_total_component+mol,0.1565,1.0,0.0,0.0,15
DT40_genotoxicity,mcc,PFG_EGR,-0.0905,0.0567,0.0421,0.9012,15
DT40_genotoxicity,mcc,PFG_EGR+branch+mol,0.1117,0.9355,0.0275,0.037,15
DT40_genotoxicity,mcc,PFG_EGR+mol,0.1109,0.9362,0.0275,0.0364,15
DT40_genotoxicity,mcc,PFG_EGR+ring+mol,0.1113,0.9447,0.0249,0.0304,15
DT40_genotoxicity,mcc,PFG_EGR+spacer+mol,0.1109,0.9362,0.0275,0.0364,15
DT40_genotoxicity,mcc,PFG_EGR+spacer+ring+mol,0.1113,0.9447,0.0249,0.0304,15
DT40_genotoxicity,mcc,PFG_EGR_4X,-0.0981,0.049,0.0363,0.9147,15
DT40_genotoxicity,mcc,PFG_EGR_4X+mol,0.1238,0.9331,0.0257,0.0412,15
DT40_genotoxicity,mcc,PFG_binary,-0.0503,0.1718,0.0897,0.7385,15
DT40_genotoxicity,mcc,PFG_binary+mol,0.1144,0.9266,0.0291,0.0443,15
DT40_genotoxicity,mcc,PFG_min_dist_to_barycenter,-0.1932,0.0086,0.0058,0.9856,15
DT40_genotoxicity,mcc,PFG_min_dist_to_barycenter+mol,0.1224,0.9515,0.0211,0.0274,15
DT40_genotoxicity,mcc,PFG_total_component,-0.0565,0.1764,0.0798,0.7437,15
DT40_genotoxicity,mcc,PFG_total_component+mol,0.1161,0.954,0.0212,0.0248,15
DT40_genotoxicity,bal_acc,PFG_EGR,-0.047,0.0299,0.0726,0.8975,15
DT40_genotoxicity,bal_acc,PFG_EGR+branch+mol,0.063,0.9547,0.0327,0.0126,15
DT40_genotoxicity,bal_acc,PFG_EGR+mol,0.0626,0.9553,0.0324,0.0123,15
DT40_genotoxicity,bal_acc,PFG_EGR+ring+mol,0.0628,0.9641,0.027,0.0089,15
DT40_genotoxicity,bal_acc,PFG_EGR+spacer+mol,0.0626,0.9553,0.0324,0.0123,15
DT40_genotoxicity,bal_acc,PFG_EGR+spacer+ring+mol,0.0628,0.9641,0.027,0.0089,15
DT40_genotoxicity,bal_acc,PFG_EGR_4X,-0.0492,0.0312,0.0695,0.8992,15
DT40_genotoxicity,bal_acc,PFG_EGR_4X+mol,0.0689,0.947,0.0348,0.0182,15
DT40_genotoxicity,bal_acc,PFG_binary,-0.0187,0.163,0.218,0.6189,15
